"","age","bp","bgr","bu","sc","sod","pot","hemo","pcv","wbcc","rbcc"
"age",1,0.109342583599152,0.266558433474847,0.156977173741147,0.151284077657291,-0.109729947969819,0.00298977260122709,-0.230763200019892,-0.254158281558934,0.16965741345131,-0.261450182123495
"bp",0.109342583599152,1,0.237293968367499,0.200719560004081,0.290016662895709,-0.18739386080802,0.0707451944527429,-0.325167807710084,-0.351954734522798,0.057448083926232,-0.257917417688446
"bgr",0.266558433474847,0.237293968367499,1,0.212093258388562,0.202549228206985,-0.318682247720844,0.0571157586716279,-0.333753522709501,-0.3479473971287,0.189699886676823,-0.302379088921388
"bu",0.156977173741147,0.200719560004081,0.212093258388562,1,0.860931555414753,-0.46171557466061,0.220596289420069,-0.655227422453674,-0.643783691109262,0.0877026958439145,-0.569300927672717
"sc",0.151284077657291,0.290016662895709,0.202549228206985,0.860931555414753,1,-0.48539931534622,0.128380797110698,-0.660550979304293,-0.655755933250879,0.0726806953063742,-0.581295383103164
"sod",-0.109729947969819,-0.18739386080802,-0.318682247720844,-0.46171557466061,-0.48539931534622,1,-0.0522398943711135,0.522058787275808,0.523648010467022,-0.160511296242148,0.420973111228919
"pot",0.00298977260122709,0.0707451944527429,0.0571157586716279,0.220596289420069,0.128380797110698,-0.0522398943711135,1,-0.157184050636502,-0.183501406467227,-0.104269405567888,-0.169862848098871
"hemo",-0.230763200019892,-0.325167807710084,-0.333753522709501,-0.655227422453674,-0.660550979304293,0.522058787275808,-0.157184050636502,1,0.873041975387409,-0.272420740607972,0.779708387752061
"pcv",-0.254158281558934,-0.351954734522798,-0.3479473971287,-0.643783691109262,-0.655755933250879,0.523648010467022,-0.183501406467227,0.873041975387409,1,-0.272960885470159,0.78073720702201
"wbcc",0.16965741345131,0.057448083926232,0.189699886676823,0.0877026958439145,0.0726806953063742,-0.160511296242148,-0.104269405567888,-0.272420740607972,-0.272960885470159,1,-0.202405058880815
"rbcc",-0.261450182123495,-0.257917417688446,-0.302379088921388,-0.569300927672717,-0.581295383103164,0.420973111228919,-0.169862848098871,0.779708387752061,0.78073720702201,-0.202405058880815,1
